
                                          Equiprobable Signs Criterion
                               0.01                               0.05                                0.1
|     Geffe| true	(308,07       , 228,60      )| true	(292,26       , 228,60      )| true	(284,36       , 228,60      )
|      Java| true	(308,07       , 252,26      )| true	(292,26       , 252,26      )| true	(284,36       , 252,26      )
|    BBSBit| true	(308,07       , 277,79      )| true	(292,26       , 277,79      )| true	(284,36       , 277,79      )
| LahmerLow| true	(308,07       , 0,00        )| true	(292,26       , 0,00        )| true	(284,36       , 0,00        )
|     BMBit| true	(308,07       , 267,49      )| true	(292,26       , 267,49      )| true	(284,36       , 267,49      )
|LahmerHigh| true	(308,07       , 39,90       )| true	(292,26       , 39,90       )| true	(284,36       , 39,90       )
|   Wolfram|false	(308,07       , 641,59      )|false	(292,26       , 641,59      )|false	(284,36       , 641,59      )
|   BBSByte| true	(308,07       , 264,29      )| true	(292,26       , 264,29      )| true	(284,36       , 264,29      )
|       L20| true	(308,07       , 194,50      )| true	(292,26       , 194,50      )| true	(284,36       , 194,50      )
| Librarian|false	(308,07       , 4359316,27  )|false	(292,26       , 4359316,27  )|false	(284,36       , 4359316,27  )
|       L89| true	(308,07       , 273,21      )| true	(292,26       , 273,21      )| true	(284,36       , 273,21      )
|    BMByte| true	(308,07       , 231,12      )| true	(292,26       , 231,12      )| true	(284,36       , 231,12      )
