
                                          Independence Signs Criterion
                               0.01                               0.05                                0.1
|     Geffe|false	(65872,47     , 80884,39    )|false	(65620,03     , 80884,39    )|false	(65493,81     , 80884,39    )
|      Java| true	(65872,47     , 63976,78    )| true	(65620,03     , 63976,78    )| true	(65493,81     , 63976,78    )
|    BBSBit| true	(65872,47     , 65642,91    )|false	(65620,03     , 65642,91    )|false	(65493,81     , 65642,91    )
| LahmerLow|false	(65872,47     , 16646144,00 )|false	(65620,03     , 16646144,00 )|false	(65493,81     , 16646144,00 )
|     BMBit| true	(65872,47     , 65108,76    )| true	(65620,03     , 65108,76    )| true	(65493,81     , 65108,76    )
|LahmerHigh|false	(65872,47     , 66957,08    )|false	(65620,03     , 66957,08    )|false	(65493,81     , 66957,08    )
|   Wolfram|false	(65872,47     , 151088,94   )|false	(65620,03     , 151088,94   )|false	(65493,81     , 151088,94   )
|   BBSByte| true	(65872,47     , 65166,17    )| true	(65620,03     , 65166,17    )| true	(65493,81     , 65166,17    )
|       L20| true	(65872,47     , 56182,67    )| true	(65620,03     , 56182,67    )| true	(65493,81     , 56182,67    )
| Librarian|false	(65872,47     , 1819237,28  )|false	(65620,03     , 1819237,28  )|false	(65493,81     , 1819237,28  )
|       L89| true	(65872,47     , 64651,25    )| true	(65620,03     , 64651,25    )| true	(65493,81     , 64651,25    )
|    BMByte| true	(65872,47     , 64615,88    )| true	(65620,03     , 64615,88    )| true	(65493,81     , 64615,88    )
