
                                            Uniformity Signs Criterion
                               0.01                               0.05                                0.1
|     Geffe| true	(8200,48      , 7936,45     )| true	(8112,47      , 7936,45     )| true	(8068,46      , 7936,45     )
|      Java|false	(8200,48      , 8727,50     )|false	(8112,47      , 8727,50     )|false	(8068,46      , 8727,50     )
|    BBSBit| true	(8200,48      , 7882,57     )| true	(8112,47      , 7882,57     )| true	(8068,46      , 7882,57     )
| LahmerLow| true	(8200,48      , 0,00        )| true	(8112,47      , 0,00        )| true	(8068,46      , 0,00        )
|     BMBit|false	(8200,48      , 8918,31     )|false	(8112,47      , 8918,31     )|false	(8068,46      , 8918,31     )
|LahmerHigh| true	(8200,48      , 7981,36     )| true	(8112,47      , 7981,36     )| true	(8068,46      , 7981,36     )
|   Wolfram|false	(8200,48      , 8843,84     )|false	(8112,47      , 8843,84     )|false	(8068,46      , 8843,84     )
|   BBSByte| true	(8200,48      , 8178,05     )|false	(8112,47      , 8178,05     )|false	(8068,46      , 8178,05     )
|       L20| true	(8200,48      , 5965,53     )| true	(8112,47      , 5965,53     )| true	(8068,46      , 5965,53     )
| Librarian|false	(8200,48      , 167723668,19)|false	(8112,47      , 167723668,19)|false	(8068,46      , 167723668,19)
|       L89| true	(8200,48      , 6927,69     )| true	(8112,47      , 6927,69     )| true	(8068,46      , 6927,69     )
|    BMByte| true	(8200,48      , 7240,09     )| true	(8112,47      , 7240,09     )| true	(8068,46      , 7240,09     )
